200
79 36 73 89 73 76 -1
100
89 10 43 64 87 30 -1
20
92 100 77 63 85 89 -1
10
78 13 74 64 41 92 -1
50
35 1 61 15 86 39 -1
400
65 18 19 99 68 95 -1
300
50 55 70 7 12 7 -1
5
76 38 34 18 95 91 -1
4
76 59 80 94 7 31 -1
1
61 55 10 19 71 2 -1
8000
60 75 62 74 10 4 96 61 40 -1
852
51 29 62 77 36 88 14 63 55 -1
752
98 81 96 73 78 43 97 69 40 -1
852
72 68 5 48 1 94 76 22 35 -1
1585
41 78 30 56 18 29 6 32 56 -1
850
35 19 66 24 19 74 88 88 15 -1
458
18 61 66 65 49 67 75 56 80 -1
5
33 24 92 12 87 20 42 87 34 -1
85448
74 77 28 9 68 44 51 96 13 -1
875
4 92 74 46 77 31 56 14 87 -1
858744
39 99 44 2 34 39 76 53 71 -1
57854
52 76 25 65 83 69 99 54 26 -1
1874587
7 100 58 75 100 10 32 76 18 -1
555
41 44 100 26 49 7 22 92 76 -1
1598
79 45 67 43 84 56 88 73 4 -1
58
96 48 59 54 2 26 84 35 6 -1
122
23 38 13 81 66 31 36 52 1 -1
54454
67 99 15 99 42 85 6 66 19 -1
8758754
5 79 25 46 29 59 42 4 26 -1
123
46 54 81 24 7 100 31 67 7 -1
-1