3
2 1 1
5
1 0 0 0 0
1 0 0 1 0
0 0 1 0 0
0 0 0 0 0
0 0 0 0 0
2
2 3
5
0 1 1 1 0
1 0 0 0 0
1 0 0 0 0
0 0 0 0 0
0 0 0 0 0
2
2 3
6
0 1 1 0 0 0
0 0 0 0 0 0
0 0 0 1 0 0
0 0 0 1 0 0
0 0 0 1 0 0
0 0 0 0 0 0
2
2 3
5
0 1 1 1 0
0 0 0 0 1
0 0 0 0 1
0 0 0 0 0
0 0 0 0 0
2
2 3
5
0 1 1 1 0
0 0 0 1 1
0 0 0 0 0
0 0 0 0 0
0 0 0 0 0
2
2 3
5
0 1 1 1 0
0 0 0 0 0
0 0 0 0 1
0 0 0 0 1
0 0 0 0 0
2
2 3
5
0 1 1 1 0
0 0 0 0 1
0 0 0 0 1
0 0 1 0 0
0 0 0 0 0
2
3 2
5
0 1 0 1 0
0 0 0 1 1
0 0 1 1 0
1 0 0 0 0
0 1 0 1 1
5
3 1 2 1 1
5
0 0 1 1 1
1 0 0 0 0
0 0 0 0 0
1 0 0 0 0
1 0 1 0 1
4
2 2 3 1
5
0 0 0 0 0
0 0 1 1 0
0 0 0 0 0
1 0 1 0 0
0 1 1 1 0
2
2 1
5
0 0 0 0 0
0 0 0 0 0
0 0 0 0 0
0 0 0 0 0
0 1 1 0 1
5
1 1 1 1 2
5
1 0 1 0 0
0 0 0 0 1
0 0 0 0 0
0 0 0 0 1
0 1 0 0 1
3
2 3 1
7
0 1 1 0 0 0 0
0 0 0 0 0 0 0
0 0 0 0 0 0 0
0 0 0 0 0 0 0
0 0 0 0 0 0 0
1 1 1 0 0 0 0
0 0 0 0 1 0 0
6
1 2 1 1 1 1
7
0 1 0 0 0 1 0
0 0 0 1 0 0 0
0 0 0 1 0 0 0
0 0 0 0 0 0 0
0 0 0 0 0 1 0
0 0 0 0 1 0 1
0 0 0 0 0 0 0
12
1 1 1 1 1 2 1 1 4 1 1 1
10
1 0 0 0 0 0 0 0 0 0
0 0 0 1 0 0 0 1 0 0
0 0 0 1 0 0 0 0 0 0
1 0 0 0 0 0 0 1 0 0
0 0 1 0 1 0 0 0 0 1
0 0 0 0 0 0 1 0 0 0
0 1 0 1 0 0 1 0 0 0
0 0 0 0 0 0 1 0 0 0
0 1 0 0 0 0 1 0 0 0
0 0 0 0 0 0 0 0 0 0
9
1 1 2 2 1 1 2 2 1
10
0 0 0 1 0 0 0 0 0 0
0 0 0 0 0 0 0 0 0 1
0 0 0 0 0 0 1 0 0 1
0 0 0 0 0 0 0 0 0 0
1 0 0 0 0 1 0 0 0 0
0 0 0 0 0 1 0 0 1 0
1 0 0 0 0 0 0 0 0 0
0 0 1 0 0 0 0 0 0 0
0 0 1 0 0 0 1 1 0 0
0 0 0 0 0 0 0 0 0 1
0